  101480.000000     297.444324      14.735820
  101057.750000     297.444324      14.735820
  100206.171875     297.444489      14.576260
   99281.718750     297.459544      14.510087
   98230.429688     297.492334      14.374472
   97044.664062     297.579833      14.076706
   95674.015625     297.907716      13.122799
   94082.101562     298.472915      11.987643
   92204.210938     299.216079      10.942839
   89909.718750     300.156908       9.922624
   87154.414062     301.329199       8.869176
   83838.031250     302.788176       7.747705
   80074.296875     304.510456       6.634893
   75912.015625     306.410154       5.632226
   71536.257812     308.411030       4.702275
   67324.476562     310.465089       3.861675
   63314.382812     312.513533       3.282618
   59498.582031     314.391919       2.834399
   55869.875000     316.396928       2.265154
   52421.238281     318.504167       1.779754
   49145.835938     320.567270       1.399828
   46037.007812     322.502863       1.094640
   43088.261719     324.270788       0.854038
   40293.289062     325.855058       0.673200
   37645.953125     327.257167       0.540596
   35140.273438     328.499804       0.446532
   32770.449219     329.644200       0.374766
   30530.832031     330.842784       0.305178
   28415.941406     332.304188       0.230304
   26420.451172     334.109907       0.164704
   24539.195312     336.240486       0.117223
   22767.158203     338.734090       0.085254
   21099.476562     341.644261       0.064399
   19531.437500     345.009582       0.050245
   18058.468750     348.857953       0.040235
   16676.152344     353.189009       0.032824
   15380.200195     357.977623       0.027091
   14166.471680     363.175275       0.022529
   13030.960938     368.723752       0.018869
   11978.217773     374.603813       0.015988
   11010.524414     380.813314       0.013772
   10121.009766     387.359059       0.012071
    9303.355469     394.263400       0.010781
    8551.758789     401.623105       0.009878
    7860.881836     409.552263       0.009327
    7225.818848     418.257470       0.008921
    6642.061523     427.902963       0.008487
    6105.464355     438.486614       0.008061
    5612.217773     449.965738       0.007635
    5158.819336     462.278470       0.007211
    4742.049805     475.371248       0.006790
    4358.950195     489.190498       0.006373
    4006.800781     503.689928       0.005962
    3683.100342     518.843505       0.005560
    3385.551025     534.597760       0.005168
    3112.040039     550.905516       0.004788
    2860.625244     567.727428       0.004420
    2629.521973     585.023269       0.004067
    2417.088867     602.726790       0.003730
    2221.817627     620.785083       0.003409
    2042.322021     639.170791       0.003106
    1877.327515     657.874901       0.002820
    1725.662476     676.893005       0.002552
    1586.250122     696.127211       0.002303
    1458.100464     715.496933       0.002074
    1340.303833     735.260870       0.001862
    1232.023804     755.161408       0.001670
    1132.491333     774.910732       0.001497
    1041.000000     794.502083       0.001344
     956.899902     813.712604       0.001209
     879.594116     832.246267       0.001094
     808.533691     849.652248       0.000998
     743.214111     865.566789       0.000919
     683.171509     880.316232       0.000852
     627.979614     896.720609       0.000780
