    P[hPa]       T[K]   Qv[g/kg]     U[m/s]     V[m/s]
 1007.5000   302.1800    17.3880     3.0000     3.0000
 1003.3018   301.9551    17.1433     3.0000     3.0000
  994.8172   301.4589    16.8368     3.0000     3.0000
  986.2171   300.6312    16.6476     3.0000     3.0000
  977.5045   300.1069    16.4546     3.0000     3.0000
  968.6834   299.4329    15.8279     3.0000     3.0000
  959.7586   298.8236    15.0162     3.0000     3.0000
  950.7337   298.5219    14.1895     3.0000     3.0000
  941.6129   297.9519    13.5905     3.0000     3.0000
  932.4009   297.3897    13.0023     3.0000     3.0000
  923.1013   296.8301    12.4542     3.0000     3.0000
  913.7180   296.5688    12.0955     3.0000     3.0000
  904.2547   296.0086    11.7308     3.0000     3.0000
  894.7152   295.4933    11.2051     3.0000     3.0000
  885.1034   295.0161    10.5447     3.0000     3.0000
  875.4229   294.5449     9.8736     3.0000     3.0000
  865.6780   294.0880     9.4029     3.0000     3.0000
  855.8730   293.6376     8.9345     3.0000     3.0000
  846.0122   292.9266     8.3885     3.0000     3.0000
  836.1002   292.5895     7.7294     3.0000     3.0000
  826.1414   292.2598     7.0604     3.0000     3.0000
  816.1386   291.8380     6.6641     3.0000     3.0000
  806.0945   291.0996     6.2989     3.0000     3.0000
  796.0121   290.6542     5.9354     3.0000     3.0000
  785.8941   289.8696     5.5775     3.0000     3.0000
  775.7436   289.4005     5.2147     3.0000     3.0000
  765.5637   288.9095     4.8674     3.0000     3.0000
  755.3574   288.1091     4.5171     3.0000     3.0000
  745.1287   287.3232     4.2108     3.0000     3.0000
  734.8817   286.8659     3.9544     3.0000     3.0000
  724.6203   286.0992     3.7047     3.0000     3.0000
  714.3484   285.3140     3.7151     3.0000     3.0000
  704.0701   284.8473     3.7255     3.0000     3.0000
  693.7876   284.0249     3.6869     3.0000     3.0000
  683.5029   283.1762     3.6152     3.0000     3.0000
  673.2186   282.3266     3.5476     3.0000     3.0000
  662.9379   281.4610     3.5029     3.0000     3.0000
  652.6637   280.5983     3.4577     3.0000     3.0000
  642.3997   279.7719     3.3034     3.0000     3.0000
  632.1496   278.9605     3.1090     3.0000     3.0000
  621.9169   278.1603     2.9226     3.0000     3.0000
  611.7055   277.3820     2.7580     3.0000     3.0000
  601.5189   276.6071     2.5915     3.0000     3.0000
  591.3606   275.8479     2.4181     3.0000     3.0000
  581.2339   274.7735     2.2418     3.0000     3.0000
  571.1421   274.0259     2.0920     3.0000     3.0000
  561.0887   273.2864     1.9866     3.0000     3.0000
  551.0768   272.2276     1.8800     3.0000     3.0000
  541.1091   271.4807     1.7382     3.0000     3.0000
  531.1881   270.7355     1.5907     3.0000     3.0000
  521.3163   269.6523     1.4375     3.0000     3.0000
  511.4958   268.8687     1.2758     3.0000     3.0000
  501.7287   267.7622     1.1125     3.0000     3.0000
  492.0177   266.9693     0.9957     3.0000     3.0000
  482.3655   265.8488     0.8882     3.0000     3.0000
  472.7743   264.7174     0.7917     3.0000     3.0000
  463.2460   263.8742     0.7341     3.0000     3.0000
  453.7826   262.7044     0.6759     3.0000     3.0000
  444.3861   261.5122     0.6306     3.0000     3.0000
  435.0585   260.3053     0.5939     3.0000     3.0000
  425.8019   259.4305     0.5568     3.0000     3.0000
  416.6179   258.1867     0.5024     3.0000     3.0000
  407.5082   256.9400     0.4460     3.0000     3.0000
  398.4747   255.6852     0.3935     3.0000     3.0000
  389.5189   254.3855     0.3626     3.0000     3.0000
  380.6422   253.0867     0.3314     3.0000     3.0000
  371.8466   251.7674     0.3025     3.0000     3.0000
  363.1331   250.4106     0.2778     3.0000     3.0000
  354.5032   249.0545     0.2530     3.0000     3.0000
  345.9585   247.3330     0.2317     3.0000     3.0000
  337.5000   245.9124     0.2146     3.0000     3.0000
  329.1289   244.4924     0.1973     3.0000     3.0000
  320.8469   243.0444     0.1823     3.0000     3.0000
  312.6550   241.2319     0.1696     3.0000     3.0000
  304.5545   239.7560     0.1569     3.0000     3.0000
  296.5472   238.2721     0.1443     3.0000     3.0000
  288.6345   236.4399     0.1321     3.0000     3.0000
  280.8181   234.9451     0.1198     3.0000     3.0000
  273.0994   233.1121     0.1071     3.0000     3.0000
  265.4803   231.6155     0.0938     3.0000     3.0000
  257.9623   229.7806     0.0803     3.0000     3.0000
  250.5468   227.9455     0.0667     3.0000     3.0000
  243.2351   226.4381     0.0588     3.0000     3.0000
  236.0285   224.5907     0.0513     3.0000     3.0000
  228.9284   222.7430     0.0437     3.0000     3.0000
  221.9359   220.8934     0.0370     3.0000     3.0000
  215.0522   219.3817     0.0315     3.0000     3.0000
  208.2785   217.5298     0.0259     3.0000     3.0000
  201.6159   215.6775     0.0202     3.0000     3.0000
  195.0672   213.9496     0.0173     3.0000     3.0000
  188.6358   212.2618     0.0153     3.0000     3.0000
  182.3231   210.5730     0.0132     3.0000     3.0000
  176.1296   208.8834     0.0111     3.0000     3.0000
  170.0590   207.4217     0.0096     3.0000     3.0000
  164.1157   206.0108     0.0081     3.0000     3.0000
  158.3004   204.5980     0.0066     3.0000     3.0000
  152.6128   202.8359     0.0051     3.0000     3.0000
  147.0573   201.7445     0.0044     3.0000     3.0000
  141.6414   200.9389     0.0043     3.0000     3.0000
  136.3676   200.1289     0.0043     3.0000     3.0000
  131.2344   199.3143     0.0042     3.0000     3.0000
  126.2401   198.4948     0.0041     3.0000     3.0000
  121.3876   197.6817     0.0037     3.0000     3.0000
  116.6806   197.3470     0.0031     3.0000     3.0000
  112.1179   197.0045     0.0026     3.0000     3.0000
  107.6967   196.6537     0.0020     3.0000     3.0000
  103.4143   196.2943     0.0015     3.0000     3.0000
   99.2683   195.9704     0.0010     3.0000     3.0000
   95.2582   195.8436     0.0010     3.0000     3.0000
   91.3831   195.7054     0.0010     3.0000     3.0000
   87.6397   195.5552     0.0010     3.0000     3.0000
   84.0247   195.3923     0.0010     3.0000     3.0000
   80.5347   195.2162     0.0010     3.0000     3.0000
   77.1667   195.0263     0.0010     3.0000     3.0000
   73.9172   194.7903     0.0010     3.0000     3.0000
   70.7823   194.4769     0.0010     3.0000     3.0000
   67.7585   194.1482     0.0010     3.0000     3.0000
   64.8429   194.2277     0.0010     3.0000     3.0000
   62.0327   193.8713     0.0010     3.0000     3.0000
   59.3249   193.4976     0.0010     3.0000     3.0000